0 0 4 4 -1 0 5 3
0 0 4 4 2 2 5 3
0 0 4 4 -1 0 5 3
0 0 4 4 2 2 5 3
4 2 10 11 1 2 5 4
4 2 10 11 8 9 14 1
4 2 10 11 14 1 10 13
4 2 10 11 5 4 8 9
4 2 10 11 10 2 4 11
4 2 10 11 6 14 13 10
4 2 10 11 6 17 6 14
4 2 10 11 8 9 1 4
4 2 10 11 13 10 1 14
4 2 10 11 1 4 13 10
4 2 10 11 6 -1 6 14
4 2 10 11 14 1 6 -1
4 2 10 11 6 -1 5 4
4 2 10 11 1 4 6 -1
4 3 13 13 6 6 9 11
4 3 13 13 13 13 4 3
4 3 13 13 4 3 0 0
4 3 13 13 10 1 9 11
4 3 13 13 22 2 2 11
4 3 13 13 10 1 6 6
4 3 13 13 17 5 22 2
4 3 13 13 1 8 17 21
4 3 13 13 2 11 9 11
4 3 13 13 7 18 17 21
4 3 13 13 9 11 9 4
4 3 13 13 17 5 17 7
4 3 13 13 3 2 14 14
4 3 13 13 2 9 7 18
4 3 13 13 17 21 2 9
4 3 13 13 1 8 2 9
5 8 10 15 13 14 12 2
5 8 10 15 3 5 13 14
5 8 10 15 13 11 3 5
5 8 10 15 13 14 3 9
5 8 10 15 10 15 5 8
5 8 10 15 13 14 2 7
5 8 10 15 -2 10 15 7
5 8 10 15 9 16 -2 10
5 8 10 15 13 14 9 16
5 8 10 15 9 16 11 13
5 8 10 15 12 2 4 18
0 0 10 10 0 -10 0 20
0 0 10 10 0 -10 1 20
0 0 10 10 0 -10 2 20
0 0 10 10 0 -10 3 20
0 0 10 10 0 -10 4 20
0 0 10 10 0 -10 5 20
0 0 10 10 0 -10 6 20
0 0 10 10 0 -10 7 20
0 0 10 10 0 -10 8 20
0 0 10 10 0 -10 9 20
0 0 10 10 0 -10 10 20
0 0 10 10 0 -10 11 20
0 0 10 10 0 -10 12 20
0 0 10 10 0 -10 13 20
0 0 10 10 0 -10 14 20
0 0 10 10 0 -10 15 20
0 0 10 10 0 -10 16 20
0 0 10 10 0 -10 17 20
0 0 10 10 0 -10 18 20
0 0 10 10 0 -10 19 20
0 0 10 10 0 -10 20 20
0 0 10 10 0 -10 21 20
0 0 10 10 0 20 0 -10
0 0 10 10 0 20 1 -10
0 0 10 10 0 20 2 -10
0 0 10 10 0 20 3 -10
0 0 10 10 0 20 4 -10
0 0 10 10 0 20 5 -10
0 0 10 10 0 20 6 -10
0 0 10 10 0 20 7 -10
0 0 10 10 0 20 8 -10
0 0 10 10 0 20 9 -10
0 0 10 10 0 20 10 -10
0 0 10 10 0 20 11 -10
0 0 10 10 0 20 12 -10
0 0 10 10 0 20 13 -10
0 0 10 10 0 20 14 -10
0 0 10 10 0 20 15 -10
0 0 10 10 0 20 16 -10
0 0 10 10 0 20 17 -10
0 0 10 10 0 20 18 -10
0 0 10 10 0 20 19 -10
0 0 10 10 0 20 20 -10
0 0 10 10 0 20 21 -10
0 0 10 10 -10 0 20 0
0 0 10 10 -10 0 20 1
0 0 10 10 -10 0 20 2
0 0 10 10 -10 0 20 3
0 0 10 10 -10 0 20 4
0 0 10 10 -10 0 20 5
0 0 10 10 -10 0 20 6
0 0 10 10 -10 0 20 7
0 0 10 10 -10 0 20 8
0 0 10 10 -10 0 20 9
0 0 10 10 -10 0 20 10
0 0 10 10 -10 0 20 11
0 0 10 10 -10 0 20 12
0 0 10 10 -10 0 20 13
0 0 10 10 -10 0 20 14
0 0 10 10 -10 0 20 15
0 0 10 10 -10 0 20 16
0 0 10 10 -10 0 20 17
0 0 10 10 -10 0 20 18
0 0 10 10 -10 0 20 19
0 0 10 10 -10 0 20 20
0 0 10 10 -10 0 20 21
0 0 10 10 -10 10 20 10
0 0 10 10 -10 10 20 9
0 0 10 10 -10 10 20 8
0 0 10 10 -10 10 20 7
0 0 10 10 -10 10 20 6
0 0 10 10 -10 10 20 5
0 0 10 10 -10 10 20 4
0 0 10 10 -10 10 20 3
0 0 10 10 -10 10 20 2
0 0 10 10 -10 10 20 1
0 0 10 10 -10 10 20 0
0 0 10 10 -10 10 20 -1
0 0 10 10 -10 10 20 -2
0 0 10 10 -10 10 20 -3
0 0 10 10 -10 10 20 -4
0 0 10 10 -10 10 20 -5
0 0 10 10 -10 10 20 -6
0 0 10 10 -10 10 20 -7
0 0 10 10 -10 10 20 -8
0 0 10 10 -10 10 20 -9
0 0 10 10 -10 10 20 -10
0 0 10 10 -10 10 20 -11
0 0 10 10 20 10 -10 10
0 0 10 10 20 10 -10 9
0 0 10 10 20 10 -10 8
0 0 10 10 20 10 -10 7
0 0 10 10 20 10 -10 6
0 0 10 10 20 10 -10 5
0 0 10 10 20 10 -10 4
0 0 10 10 20 10 -10 3
0 0 10 10 20 10 -10 2
0 0 10 10 20 10 -10 1
0 0 10 10 20 10 -10 0
0 0 10 10 20 10 -10 -1
0 0 10 10 20 10 -10 -2
0 0 10 10 20 10 -10 -3
0 0 10 10 20 10 -10 -4
0 0 10 10 20 10 -10 -5
0 0 10 10 20 10 -10 -6
0 0 10 10 20 10 -10 -7
0 0 10 10 20 10 -10 -8
0 0 10 10 20 10 -10 -9
0 0 10 10 20 10 -10 -10
0 0 10 10 20 10 -10 -11
0 0 10 10 10 -10 -10 10
0 0 10 10 10 -10 -10 9
0 0 10 10 10 -10 -10 8
0 0 10 10 10 -10 -10 7
0 0 10 10 10 -10 -10 6
0 0 10 10 10 -10 -10 5
0 0 10 10 10 -10 -10 4
0 0 10 10 10 -10 -10 3
0 0 10 10 10 -10 -10 2
0 0 10 10 10 -10 -10 1
0 0 10 10 10 -10 -10 0
0 0 10 10 10 -10 -10 -1
0 0 10 10 10 -10 -10 -2
0 0 10 10 10 -10 -10 -3
0 0 10 10 10 -10 -10 -4
0 0 10 10 10 -10 -10 -5
0 0 10 10 10 -10 -10 -6
0 0 10 10 10 -10 -10 -7
0 0 10 10 10 -10 -10 -8
0 0 10 10 10 -10 -10 -9
0 0 10 10 10 -10 -10 -10
0 0 10 10 10 -10 -10 -11
0 0 10 10 1 2 -2 10
0 0 10 10 1 2 -2 9
0 0 10 10 1 2 -2 8
0 0 10 10 1 2 -2 7
0 0 10 10 1 2 -2 6
0 0 10 10 1 2 -2 5
0 0 10 10 1 2 -2 4
0 0 10 10 1 2 -2 3
0 0 10 10 1 2 -2 2
0 0 10 10 1 2 -2 1
0 0 10 10 1 2 -2 0
0 0 10 10 1 2 -2 -1
0 0 10 10 1 2 -2 -2
0 0 10 10 1 2 -2 -3
0 0 10 10 1 2 -2 -4
0 0 10 10 1 2 -2 -5
0 0 10 10 1 2 -2 -6
0 0 10 10 1 2 -2 -7
0 0 10 10 1 2 -2 -8
0 0 10 10 1 2 -2 -9
0 0 10 10 1 2 -2 -10
0 0 10 10 1 2 -2 -11
0 0 10 10 1 2 12 10
0 0 10 10 1 2 12 9
0 0 10 10 1 2 12 8
0 0 10 10 1 2 12 7
0 0 10 10 1 2 12 6
0 0 10 10 1 2 12 5
0 0 10 10 1 2 12 4
0 0 10 10 1 2 12 3
0 0 10 10 1 2 12 2
0 0 10 10 1 2 12 1
0 0 10 10 1 2 12 0
0 0 10 10 1 2 12 -1
0 0 10 10 1 2 12 -2
0 0 10 10 1 2 12 -3
0 0 10 10 1 2 12 -4
0 0 10 10 1 2 12 -5
0 0 10 10 1 2 12 -6
0 0 10 10 1 2 12 -7
0 0 10 10 1 2 12 -8
0 0 10 10 1 2 12 -9
0 0 10 10 1 2 12 -10
0 0 10 10 1 2 12 -11
0 0 10 10 1 2 10 14
0 0 10 10 1 2 9 14
0 0 10 10 1 2 8 14
0 0 10 10 1 2 7 14
0 0 10 10 1 2 6 14
0 0 10 10 1 2 5 14
0 0 10 10 1 2 4 14
0 0 10 10 1 2 3 14
0 0 10 10 1 2 2 14
0 0 10 10 1 2 1 14
0 0 10 10 1 2 0 14
0 0 10 10 1 2 -1 14
0 0 10 10 1 2 -2 14
0 0 10 10 1 2 -3 14
0 0 10 10 1 2 -4 14
0 0 10 10 1 2 -5 14
0 0 10 10 1 2 -6 14
0 0 10 10 1 2 -7 14
0 0 10 10 1 2 -8 14
0 0 10 10 1 2 -9 14
0 0 10 10 1 2 -10 14
0 0 10 10 1 2 -11 14
0 0 10 10 1 2 10 -2
0 0 10 10 1 2 9 -2
0 0 10 10 1 2 8 -2
0 0 10 10 1 2 7 -2
0 0 10 10 1 2 6 -2
0 0 10 10 1 2 5 -2
0 0 10 10 1 2 4 -2
0 0 10 10 1 2 3 -2
0 0 10 10 1 2 2 -2
0 0 10 10 1 2 1 -2
0 0 10 10 1 2 0 -2
0 0 10 10 1 2 -1 -2
0 0 10 10 1 2 -2 -2
0 0 10 10 1 2 -3 -2
0 0 10 10 1 2 -4 -2
0 0 10 10 1 2 -5 -2
0 0 10 10 1 2 -6 -2
0 0 10 10 1 2 -7 -2
0 0 10 10 1 2 -8 -2
0 0 10 10 1 2 -9 -2
0 0 10 10 1 2 -10 -2
0 0 10 10 1 2 -11 -2
0 0 10 10 1 2 1 2
0 0 10 10 1 2 1 4
0 0 10 10 1 2 5 2
0 0 10 10 1 2 7 4
0 0 10 10 -10 -5 -12 -10
0 0 10 10 -10 -5 7 -10
0 0 10 10 -10 -5 12 -10
-999 -999 999 999 -999 -999 999 999
-999 -999 999 999 999 -999 -999 999
-999 -999 999 999 -998 -998 998 998
-999 -999 999 999 998 -998 -999 999
-90 -90 90 90 998 -98 -999 999
-90 -90 90 90 998 -98 -999 999
-90 -90 90 90 -99 -90 95 -90
-90 -90 90 90 -90 -99 -90 95
-90 -90 90 90 -91 -88 -89 -92
0 0 15 13 -999 -999 888 889
-15 0 0 13 -999 -999 888 888
-900 -900 -800 -800 998 -998 -999 999
0 0 0 0 0 0 0 0
